Time-Domain Signal Samples
N = 501
fs = 100
t0 = 0
Signal label: y
Mathematical expression
y(t) = 250 exp( -t ) - 250. exp( -t / 0.50 )
Time and signal samples in .csv format
t, y(t)
-------
0, 0
0.01, 2
0.02, 5
0.03, 7
0.04, 9
0.05, 12
0.06, 14
0.07, 16
0.08, 18
0.09, 20
0.1, 22
0.11, 23
0.12, 25
0.13, 27
0.14, 28
0.15, 30
0.16, 31
0.17, 33
0.18, 34
0.19, 36
0.2, 37
0.21, 38
0.22, 40
0.23, 41
0.24, 42
0.25, 43
0.26, 44
0.27, 45
0.28, 46
0.29, 47
0.3, 48
0.31, 49
0.32, 50
0.33, 51
0.34, 51
0.35, 52
0.36, 53
0.37, 53
0.38, 54
0.39, 55
0.4, 55
0.41, 56
0.42, 56
0.43, 57
0.44, 57
0.45, 58
0.46, 58
0.47, 59
0.48, 59
0.49, 59
0.5, 60
0.51, 60
0.52, 60
0.53, 61
0.54, 61
0.55, 61
0.56, 61
0.57, 61
0.58, 62
0.59, 62
0.6, 62
0.61, 62
0.62, 62
0.63, 62
0.64, 62
0.65, 62
0.66, 62
0.67, 62
0.68, 62
0.69, 62
0.7, 62
0.71, 62
0.72, 62
0.73, 62
0.74, 62
0.75, 62
0.76, 62
0.77, 62
0.78, 62
0.79, 62
0.8, 62
0.81, 62
0.82, 62
0.83, 61
0.84, 61
0.85, 61
0.86, 61
0.87, 61
0.88, 61
0.89, 61
0.9, 60
0.91, 60
0.92, 60
0.93, 60
0.94, 60
0.95, 59
0.96, 59
0.97, 59
0.98, 59
0.99, 58
1, 58
1.01, 58
1.02, 58
1.03, 57
1.04, 57
1.05, 57
1.06, 57
1.07, 56
1.08, 56
1.09, 56
1.1, 56
1.11, 55
1.12, 55
1.13, 55
1.14, 54
1.15, 54
1.16, 54
1.17, 54
1.18, 53
1.19, 53
1.2, 53
1.21, 52
1.22, 52
1.23, 52
1.24, 51
1.25, 51
1.26, 51
1.27, 50
1.28, 50
1.29, 50
1.3, 50
1.31, 49
1.32, 49
1.33, 49
1.34, 48
1.35, 48
1.36, 48
1.37, 47
1.38, 47
1.39, 47
1.4, 46
1.41, 46
1.42, 46
1.43, 46
1.44, 45
1.45, 45
1.46, 45
1.47, 44
1.48, 44
1.49, 44
1.5, 43
1.51, 43
1.52, 43
1.53, 42
1.54, 42
1.55, 42
1.56, 41
1.57, 41
1.58, 41
1.59, 41
1.6, 40
1.61, 40
1.62, 40
1.63, 39
1.64, 39
1.65, 39
1.66, 38
1.67, 38
1.68, 38
1.69, 38
1.7, 37
1.71, 37
1.72, 37
1.73, 36
1.74, 36
1.75, 36
1.76, 36
1.77, 35
1.78, 35
1.79, 35
1.8, 34
1.81, 34
1.82, 34
1.83, 34
1.84, 33
1.85, 33
1.86, 33
1.87, 33
1.88, 32
1.89, 32
1.9, 32
1.91, 32
1.92, 31
1.93, 31
1.94, 31
1.95, 31
1.96, 30
1.97, 30
1.98, 30
1.99, 30
2, 29
2.01, 29
2.02, 29
2.03, 29
2.04, 28
2.05, 28
2.06, 28
2.07, 28
2.08, 27
2.09, 27
2.1, 27
2.11, 27
2.12, 26
2.13, 26
2.14, 26
2.15, 26
2.16, 26
2.17, 25
2.18, 25
2.19, 25
2.2, 25
2.21, 24
2.22, 24
2.23, 24
2.24, 24
2.25, 24
2.26, 23
2.27, 23
2.28, 23
2.29, 23
2.3, 23
2.31, 22
2.32, 22
2.33, 22
2.34, 22
2.35, 22
2.36, 21
2.37, 21
2.38, 21
2.39, 21
2.4, 21
2.41, 20
2.42, 20
2.43, 20
2.44, 20
2.45, 20
2.46, 20
2.47, 19
2.48, 19
2.49, 19
2.5, 19
2.51, 19
2.52, 18
2.53, 18
2.54, 18
2.55, 18
2.56, 18
2.57, 18
2.58, 18
2.59, 17
2.6, 17
2.61, 17
2.62, 17
2.63, 17
2.64, 17
2.65, 16
2.66, 16
2.67, 16
2.68, 16
2.69, 16
2.7, 16
2.71, 16
2.72, 15
2.73, 15
2.74, 15
2.75, 15
2.76, 15
2.77, 15
2.78, 15
2.79, 14
2.8, 14
2.81, 14
2.82, 14
2.83, 14
2.84, 14
2.85, 14
2.86, 13
2.87, 13
2.88, 13
2.89, 13
2.9, 13
2.91, 13
2.92, 13
2.93, 13
2.94, 13
2.95, 12
2.96, 12
2.97, 12
2.98, 12
2.99, 12
3, 12
3.01, 12
3.02, 12
3.03, 11
3.04, 11
3.05, 11
3.06, 11
3.07, 11
3.08, 11
3.09, 11
3.1, 11
3.11, 11
3.12, 11
3.13, 10
3.14, 10
3.15, 10
3.16, 10
3.17, 10
3.18, 10
3.19, 10
3.2, 10
3.21, 10
3.22, 10
3.23, 9
3.24, 9
3.25, 9
3.26, 9
3.27, 9
3.28, 9
3.29, 9
3.3, 9
3.31, 9
3.32, 9
3.33, 9
3.34, 9
3.35, 8
3.36, 8
3.37, 8
3.38, 8
3.39, 8
3.4, 8
3.41, 8
3.42, 8
3.43, 8
3.44, 8
3.45, 8
3.46, 8
3.47, 8
3.48, 7
3.49, 7
3.5, 7
3.51, 7
3.52, 7
3.53, 7
3.54, 7
3.55, 7
3.56, 7
3.57, 7
3.58, 7
3.59, 7
3.6, 7
3.61, 7
3.62, 7
3.63, 6
3.64, 6
3.65, 6
3.66, 6
3.67, 6
3.68, 6
3.69, 6
3.7, 6
3.71, 6
3.72, 6
3.73, 6
3.74, 6
3.75, 6
3.76, 6
3.77, 6
3.78, 6
3.79, 6
3.8, 5
3.81, 5
3.82, 5
3.83, 5
3.84, 5
3.85, 5
3.86, 5
3.87, 5
3.88, 5
3.89, 5
3.9, 5
3.91, 5
3.92, 5
3.93, 5
3.94, 5
3.95, 5
3.96, 5
3.97, 5
3.98, 5
3.99, 5
4, 4
4.01, 4
4.02, 4
4.03, 4
4.04, 4
4.05, 4
4.06, 4
4.07, 4
4.08, 4
4.09, 4
4.1, 4
4.11, 4
4.12, 4
4.13, 4
4.14, 4
4.15, 4
4.16, 4
4.17, 4
4.18, 4
4.19, 4
4.2, 4
4.21, 4
4.22, 4
4.23, 4
4.24, 4
4.25, 4
4.26, 3
4.27, 3
4.28, 3
4.29, 3
4.3, 3
4.31, 3
4.32, 3
4.33, 3
4.34, 3
4.35, 3
4.36, 3
4.37, 3
4.38, 3
4.39, 3
4.4, 3
4.41, 3
4.42, 3
4.43, 3
4.44, 3
4.45, 3
4.46, 3
4.47, 3
4.48, 3
4.49, 3
4.5, 3
4.51, 3
4.52, 3
4.53, 3
4.54, 3
4.55, 3
4.56, 3
4.57, 3
4.58, 3
4.59, 3
4.6, 2
4.61, 2
4.62, 2
4.63, 2
4.64, 2
4.65, 2
4.66, 2
4.67, 2
4.68, 2
4.69, 2
4.7, 2
4.71, 2
4.72, 2
4.73, 2
4.74, 2
4.75, 2
4.76, 2
4.77, 2
4.78, 2
4.79, 2
4.8, 2
4.81, 2
4.82, 2
4.83, 2
4.84, 2
4.85, 2
4.86, 2
4.87, 2
4.88, 2
4.89, 2
4.9, 2
4.91, 2
4.92, 2
4.93, 2
4.94, 2
4.95, 2
4.96, 2
4.97, 2
4.98, 2
4.99, 2
5, 2
